7
5
5
3
5
3
7
5
7
5
7
5
7
5
7
5
5
3
7
5
5
3
7
5
5
3
7
5
7
5
7
5
7
5
5
3
5
3
7
3
7
3
7
3
12
6
8
6
6
6
6
7
7
7
7
7
7
7
7
189
3
3
3
3
212
6
8
6
6
6
6
7
7
7
7
7
7
7
7
189
6
10
6
8
12
8
6
10
6
6
10
6
6
10
6
6
10
6
7
12
7
7
12
7
7
12
7
7
12
7
7
12
7
7
12
7
7
12
7
7
12
7
3
3
3
3
218
3
8
6
11
3
8
7
3
7
3
12
6
8
6
6
6
6
7
7
7
7
7
7
7
7
189
3
3
3
3
212
6
8
6
6
6
6
7
7
7
7
7
7
7
7
189
6
10
6
8
12
8
6
10
6
6
10
6
6
10
6
6
10
6
7
12
7
7
12
7
7
12
7
7
12
7
7
12
7
7
12
7
7
12
7
7
12
7
3
3
3
3
218
3
8
6
11
3
8
7
3
7
3
12
6
8
6
6
6
6
7
7
7
7
7
7
7
7
189
3
3
3
3
212
6
8
6
6
6
6
7
7
7
7
7
7
7
7
189
6
10
6
8
12
8
6
10
6
6
10
6
6
10
6
6
10
6
7
12
7
7
12
7
7
12
7
7
12
7
7
12
7
7
12
7
7
12
7
7
12
7
3
3
3
3
218
3
8
9
14
3
8
7
3
7
3
12
6
8
6
6
6
6
7
7
7
7
7
7
7
7
189
3
3
3
3
212
6
8
6
6
6
6
7
7
7
7
7
7
7
7
189
6
10
6
8
12
8
6
10
6
6
10
6
6
10
6
6
10
6
7
12
7
7
12
7
7
12
7
7
12
7
7
12
7
7
12
7
7
12
7
7
12
7
3
3
3
3
218
3
8
6
11
3
8
14
5
5
19
6
8
6
6
6
6
7
7
7
7
7
7
7
7
189
3
3
3
3
212
6
8
6
6
6
6
7
7
7
7
7
7
7
7
189
6
10
6
8
12
8
6
10
6
6
10
6
6
10
6
6
10
6
7
12
7
7
12
7
7
12
7
7
12
7
7
12
7
7
12
7
7
12
7
7
12
7
3
3
3
3
218
3
8
6
11
3
8
7
5
12
6
8
6
6
6
6
7
7
7
7
7
7
7
7
189
3
3
3
3
212
6
8
6
6
6
6
7
7
7
7
7
7
7
7
189
6
10
6
8
12
8
6
10
6
6
10
6
6
10
6
6
10
6
7
12
7
7
12
7
7
12
7
7
12
7
7
12
7
7
12
7
7
12
7
7
12
7
3
3
3
3
218
3
8
3
8
3
8
14
5
5
19
6
8
6
6
6
6
7
7
7
7
7
7
7
7
189
3
3
3
3
212
6
8
6
6
6
6
7
7
7
7
7
7
7
7
189
6
10
6
8
12
8
6
10
6
6
10
6
6
10
6
6
10
6
7
12
7
7
12
7
7
12
7
7
12
7
7
12
7
7
12
7
7
12
7
7
12
7
3
3
3
3
218
3
8
6
11
3
8
